# Created by Octave 5.2.0, Sat May 30 13:41:17 2020 GMT <unknown@LAPTOP-RSBRJGJS>
# name: trReport
# type: matrix
# rows: 50
# columns: 4
 1 36.210915803909302 0.14560000000000001 0.16189999999999999
 2 34.015290975570679 0.12611666666666665 0.14449999999999999
 3 37.585509061813354 0.1179 0.14299999999999999
 4 34.848834037780762 0.11255 0.13689999999999999
 5 34.755263090133667 0.10301666666666667 0.13159999999999999
 6 34.490185976028442 0.094500000000000001 0.1245
 7 33.454899787902832 0.094716666666666671 0.12920000000000001
 8 33.382614135742188 0.088583333333333333 0.1278
 9 34.757233858108521 0.085066666666666665 0.12180000000000001
 10 34.801980972290039 0.082849999999999993 0.1207
 11 34.374709129333496 0.075399999999999995 0.1178
 12 33.36896800994873 0.074016666666666661 0.1163
 13 34.879073858261108 0.079166666666666663 0.12770000000000001
 14 34.53630805015564 0.070400000000000004 0.11849999999999999
 15 34.562089920043945 0.06671666666666666 0.11890000000000001
 16 33.53730297088623 0.062466666666666663 0.1148
 17 34.263607978820801 0.060783333333333335 0.1135
 18 33.637841939926147 0.061933333333333333 0.1164
 19 34.304691076278687 0.055833333333333332 0.11559999999999999
 20 33.391334056854248 0.056816666666666668 0.1166
 21 33.285518884658813 0.050666666666666665 0.1137
 22 35.172640085220337 0.055166666666666669 0.1183
 23 44.67309308052063 0.050349999999999999 0.1129
 24 44.563529968261719 0.049966666666666666 0.1143
 25 39.301989078521729 0.045783333333333336 0.1159
 26 34.07252311706543 0.049916666666666665 0.11459999999999999
 27 35.343064069747925 0.04501666666666667 0.11269999999999999
 28 35.24767279624939 0.041333333333333333 0.11070000000000001
 29 34.904115915298462 0.042566666666666669 0.1133
 30 35.909164905548096 0.041916666666666665 0.1142
 31 35.368787050247192 0.037133333333333331 0.11219999999999999
 32 33.760434865951538 0.040216666666666664 0.1195
 33 32.937372922897339 0.036683333333333332 0.1118
 34 33.856421947479248 0.037683333333333333 0.1148
 35 35.952127933502197 0.036716666666666668 0.1162
 36 34.377136945724487 0.033883333333333335 0.11219999999999999
 37 34.833700180053711 0.034116666666666663 0.11260000000000001
 38 35.533114194869995 0.032899999999999999 0.1138
 39 35.501792907714844 0.032133333333333333 0.11269999999999999
 40 35.079615116119385 0.031933333333333334 0.1163
 41 33.48914098739624 0.030583333333333334 0.11360000000000001
 42 34.696493148803711 0.030099999999999998 0.1138
 43 37.758243083953857 0.024899999999999999 0.1118
 44 34.704500913619995 0.0263 0.11459999999999999
 45 33.170558929443359 0.027550000000000002 0.1135
 46 36.25410008430481 0.026416666666666668 0.1137
 47 34.748930931091309 0.025216666666666665 0.11700000000000001
 48 34.091410160064697 0.022983333333333335 0.1115
 49 33.304450035095215 0.022100000000000002 0.1116
 50 35.386433124542236 0.021816666666666668 0.111


